0 0.369621 0.245665 0.075145 0.063584
0 0.611432 0.236994 0.077071 0.069364
0 0.653821 0.394027 0.069364 0.082852
0 0.322415 0.435453 0.077071 0.065511
0 0.489082 0.372832 0.186898 0.117534
0 0.324342 0.622351 0.065511 0.046243
0 0.491972 0.570328 0.084778 0.065511
0 0.646114 0.582852 0.080925 0.059730
0 0.374438 0.757225 0.050096 0.030829
0 0.706808 0.701349 0.063584 0.019268
0 0.592164 0.763969 0.184971 0.071291
0 0.469814 0.772640 0.067437 0.034682
0 0.473667 0.822736 0.067437 0.026975
0 0.702954 0.731214 0.059730 0.032755