0 0.468850 0.091843 0.046243 0.053950
0 0.585421 0.118818 0.071291 0.092486
0 0.722222 0.090880 0.048170 0.052023
0 0.669236 0.195890 0.046243 0.065511
0 0.721259 0.297046 0.053950 0.048170
0 0.673089 0.411689 0.053950 0.061657
0 0.692357 0.508992 0.053950 0.044316
0 0.682723 0.615928 0.038536 0.046243
0 0.636480 0.653500 0.050096 0.028902
0 0.649004 0.716121 0.055877 0.053950
0 0.555556 0.778741 0.080925 0.048170
0 0.570970 0.877007 0.073218 0.067437
0 0.410083 0.810533 0.105973 0.088632
0 0.231856 0.792229 0.057803 0.052023
0 0.342646 0.652537 0.028902 0.065511
0 0.341683 0.737315 0.050096 0.042389
0 0.428388 0.621708 0.042389 0.026975
0 0.438985 0.576429 0.048170 0.040462
0 0.463070 0.489724 0.042389 0.040462
0 0.490045 0.386641 0.042389 0.038536
0 0.454399 0.294155 0.036609 0.046243
0 0.500642 0.188182 0.044316 0.046243