0 0.563263 0.090559 0.042389 0.069364
0 0.725112 0.200385 0.096339 0.231214
0 0.896596 0.159923 0.046243 0.069364
0 0.816635 0.252408 0.067437 0.053950
0 0.881182 0.385356 0.061657 0.065511
0 0.637444 0.231214 0.067437 0.088632
0 0.567116 0.307322 0.065511 0.048170
0 0.636480 0.384393 0.104046 0.086705
0 0.820488 0.533719 0.078998 0.084778
0 0.881182 0.605973 0.053950 0.028902
0 0.852280 0.684008 0.050096 0.046243
0 0.587347 0.508671 0.059730 0.053950
0 0.547848 0.578998 0.057803 0.032755
0 0.550739 0.627168 0.109827 0.059730
0 0.357097 0.690751 0.061657 0.040462
0 0.145151 0.812139 0.061657 0.059730
0 0.309891 0.772640 0.052023 0.046243
0 0.316635 0.859345 0.134875 0.077071
0 0.669236 0.737958 0.107900 0.050096
0 0.664419 0.795761 0.052023 0.030829
0 0.488118 0.831407 0.065511 0.063584
0 0.455363 0.919075 0.073218 0.046243