0 0.567116 0.269750 0.034682 0.057803
0 0.623956 0.323699 0.025048 0.042389
0 0.684650 0.365125 0.073218 0.059730
0 0.728003 0.518304 0.071291 0.069364
0 0.700064 0.581888 0.038536 0.042389
0 0.679833 0.657996 0.052023 0.059730
0 0.549775 0.742775 0.057803 0.055877
0 0.474631 0.732177 0.038536 0.046243
0 0.402376 0.731214 0.055877 0.052023
0 0.283879 0.638728 0.053950 0.059730
0 0.236673 0.487476 0.063584 0.053950
0 0.257868 0.562620 0.059730 0.030829
0 0.293513 0.344894 0.053950 0.077071
0 0.355170 0.304432 0.034682 0.042389
0 0.418754 0.263006 0.053950 0.052023
0 0.497752 0.481696 0.458574 0.504817